0 525 fallec link
2001 2006       0.0729759022
2001 2003       0.0322171625
2001 2014       0.0600060612
2001 2002       0.0307712553
2001 2005       0.0504670398
2001 2004       0.0391099166
2002 2006       0.0578203644
2002 2001       0.0307712553
2002 2004       0.0562610685
2002 2003       0.0290409645
2002 2014       0.0298395017
2002 2005       0.0407212796
2003 2014       0.0446727625
2003 2001       0.0322171625
2003 2006        0.041029265
2003 2002       0.0290409645
2003 2005       0.0182656962
2003 2004       0.0317550617
2004 2006       0.0614373491
2004 2002       0.0562610685
2004 6035       0.0585137793
2004 2001       0.0391099166
2004 2003       0.0317550617
2004 2005       0.0411466254
2005 2014       0.0438733825
2005 2007       0.0367289177
2005 2004       0.0411466254
2005 2003       0.0182656962
2005 2006       0.0230034455
2005 2002       0.0407212796
2006 2011       0.0540515234
2006 2003        0.041029265
2006 2014       0.0484585709
2006 2015       0.0314940928
2006 2005       0.0230034455
2006 2007       0.0213986897
2007 2010       0.0511203784
2007 2009        0.048682161
2007 2005       0.0367289177
2007 2008       0.0385889983
2007 2015       0.0459821408
2007 2006       0.0213986897
2008 6434       0.0740001607
2008 2005       0.0697689255
2008 2010       0.0615858538
2008 2009       0.0432075904
2008 2006        0.059830774
2008 2007       0.0385889983
2009 2015       0.0693134375
2009 2008       0.0432075904
2009 2006       0.0646976224
2009 2010       0.0238566847
2009 2011       0.0452478447
2009 2007        0.048682161
2010 2008       0.0615858538
2010 2015       0.0534694117
2010 2006       0.0597418304
2010 2009       0.0238566847
2010 2011       0.0224415552
2010 2007       0.0511203784
2011 2006       0.0540515234
2011 2009       0.0452478447
2011 2007       0.0540048903
2011 2015       0.0367057697
2011 2010       0.0224415552
2011 2012       0.0405027921
2012 2014       0.0688082894
2012 6861       0.0425850117
2012 2010       0.0628698641
2012 2013       0.0381310301
2012 2015       0.0376341771
2012 2011       0.0405027921
2013 2011       0.0669525521
2013 6861       0.0578718647
2013 2006       0.0631524714
2013 2014       0.0372908681
2013 2012       0.0381310301
2013 2015       0.0383504121
2014 2006       0.0484585709
2014 2003       0.0446727625
2014 2015       0.0448408134
2014 2002       0.0298395017
2014 2005       0.0438733825
2014 2013       0.0372908681
2015 2007       0.0459821408
2015 2014       0.0448408134
2015 2013       0.0383504121
2015 2006       0.0314940928
2015 2011       0.0367057697
2015 2012       0.0376341771
6007 6700        0.844785665
6007 6399        0.708748417
6007 42070        0.781541955
6007 6721        0.524333001
6007 6847        0.725558785
6007 42007        0.742668416
6014 6189         1.10017446
6014 6742        0.787215516
6014 6196         1.02992503
6014 6833        0.547244894
6014 6084        0.523153296
6014 6448        0.685121882
6021 6161        0.745925758
6021 6210         0.42514901
6021 6784        0.647456137
6021 6112         0.32176238
6021 6224         0.34604341
6021 6854        0.492175303
6028 6658        0.135648001
6028 6274        0.116641701
6028 6434        0.132883711
6028 6490       0.0985533383
6028 6648        0.099223596
6028 6260         0.10947952
6035 2005       0.0996595871
6035 2003       0.0883869853
6035 6658       0.0863656699
6035 6434       0.0605495885
6035 2004       0.0585137793
6035 2001       0.0771436556
6042 6511        0.867581775
6042 6791        0.798741899
6042 6630        0.838894459
6042 6308        0.578521194
6042 6063        0.701096452
6042 6672        0.683490152
6049 6455         0.93211523
6049 6287        0.870239931
6049 6672        0.784420546
6049 6084        0.819554264
6049 6798        0.615720672
6049 6791        0.751614142
6056 6196          1.0056105
6056 6553        0.964105136
6056 6700        0.854721233
6056 6819        0.349652282
6056 6182        0.427105744
6056 6875        0.769936096
6063 6791         0.98608075
6063 6357        0.588082981
6063 6042        0.701096452
6063 6476        0.564889637
6063 6280        0.525476585
6063 6518        0.663313059
6070 6728        0.505849181
6070 6266        0.495792277
6070 6140        0.422410048
6070 6735        0.288957546
6070 6882        0.371315752
6070 6770        0.325630832
6077 6623        0.512637734
6077 6665         0.42564005
6077 6161        0.432963039
6077 6140        0.249039626
6077 6714        0.354369757
6077 6770        0.363775016
6084 6581        0.984585473
6084 6049        0.819554264
6084 6448        0.882328577
6084 6791        0.748984234
6084 6014        0.523153296
6084 6742        0.856568286
6091 6035        0.232942209
6091 6028        0.212996734
6091 6441         0.23082026
6091 6245        0.177386122
6091 6274         0.11945014
6091 6658        0.147024861
6098 6119        0.467106449
6098 6441        0.211803796
6098 6274        0.430950809
6098 6245        0.164952974
6098 6505         0.31122849
6098 6091        0.339065826
6105 6609        0.880420879
6105 6595        0.736942949
6105 6588        0.835588154
6105 6406        0.511685425
6105 6147        0.592771587
6105 6231        0.815314003
6112 6413        0.653121423
6112 6210        0.508243819
6112 6854        0.597300195
6112 6385        0.449764042
6112 6021         0.32176238
6112 6588        0.560935484
6119 6091        0.404442972
6119 6648        0.366310023
6119 6343        0.326655494
6119 6274         0.35371025
6119 6441        0.269059595
6119 6778        0.296656888
6126 6805        0.373494162
6126 6638        0.309959495
6126 6749        0.337555933
6126 6252        0.220131882
6126 6266         0.31437709
6126 6882        0.282848911
6134 6260        0.380255439
6134 6525        0.366773052
6134 6547        0.374108845
6134 6778        0.269263963
6134 6270        0.297471011
6134 6648         0.36343996
6140 6714         0.46584377
6140 6770        0.375607516
6140 6070        0.422410048
6140 6735        0.344083548
6140 6077        0.249039626
6140 6161        0.258603184
6147 6385        0.818677971
6147 6406        0.585183376
6147 6469        0.746007262
6147 6588        0.480455734
6147 6609        0.569429039
6147 6105        0.592771587
6154 6469        0.807757401
6154 6609        0.710684548
6154 6392        0.805262923
6154 6679        0.695071268
6154 6826        0.706952616
6154 6277        0.506366423
6161 6714        0.442006867
6161 6735         0.41079947
6161 6077        0.432963039
6161 6140        0.258603184
6161 6784         0.38732577
6161 6728        0.413180821
6168 6308        0.712654817
6168 6655        0.666107679
6168 6630        0.703010049
6168 6812        0.513188941
6168 6217        0.443918259
6168 6238        0.356726368
6175 82014        0.812724205
6175 6413        0.662712918
6175 82028         0.45120334
6175 6623        0.520573811
6175 6294        0.415304925
6175 6686        0.411945098
6182 6875        0.921630996
6182 6189        0.761239165
6182 6196        0.904448007
6182 6553        0.563592254
6182 6056        0.427105744
6182 6819        0.747229227
6189 6014         1.10017446
6189 6182        0.761239165
6189 6056         1.07810377
6189 6196        0.548424787
6189 6553        0.346737067
6189 6833        0.872135504
6196 6182        0.904448007
6196 6448        0.803301963
6196 6203        0.877362572
6196 6189        0.548424787
6196 6322        0.795325816
6196 6553        0.813749955
6203 6231        0.890381388
6203 6196        0.877362572
6203 6399        0.830593663
6203 6819        0.825680666
6203 6322        0.572810517
6203 6700        0.595786954
6210 6686        0.606825583
6210 6112        0.508243819
6210 6161        0.515468835
6210 6021         0.42514901
6210 6224        0.494876722
6210 6714        0.350842508
6217 6441        0.682654058
6217 6655        0.561772635
6217 6505        0.536031813
6217 6119        0.531201949
6217 6168        0.443918259
6217 6343        0.530466144
6224 6532        0.580482853
6224 6210        0.494876722
6224 6574        0.540497459
6224 6784        0.305261603
6224 6021         0.34604341
6224 6161        0.514320497
6231 6322        0.899603473
6231 6105        0.815314003
6231 6203        0.890381388
6231 6399         0.58247916
6231 6406        0.445486664
6231 6609        0.758276669
6238 6336        0.736882638
6238 6308        0.449045464
6238 6630        0.728213169
6238 6812        0.357639867
6238 6168        0.356726368
6238 6511        0.491386545
6245 6028        0.387927554
6245 6091        0.177386122
6245 6658        0.316031806
6245 6098        0.164952974
6245 6441        0.165746421
6245 6274        0.281181201
6252 6760        0.236994987
6252 6412        0.183328548
6252 6126        0.220131882
6252 6638        0.178511525
6252 6515        0.169249141
6252 6805        0.179553159
6260 2008        0.157108109
6260 6028         0.10947952
6260 6434         0.15008403
6260 6490       0.0927323624
6260 6270       0.0986828974
6260 6648        0.126216739
6266 6735        0.370608468
6266 6728        0.347338426
6266 6882        0.299882981
6266 6126         0.31437709
6266 6638        0.295587893
6266 6497        0.273342113
6270 2008        0.225998291
6270 6490        0.185639905
6270 6028         0.20137188
6270 6427        0.121971778
6270 6260       0.0986828974
6270 6648        0.174963071
6274 6035        0.216472068
6274 6091         0.11945014
6274 6490        0.205936808
6274 6028        0.116641701
6274 6658        0.143828497
6274 6648        0.149117977
6277 6679        0.988761859
6277 6469        0.745279832
6277 6462        0.874807824
6277 6351         0.41647276
6277 6392         0.56145775
6277 6154        0.506366423
6280 6042         1.22328648
6280 6476        0.633632086
6280 6581         1.09861108
6280 6357        0.405357637
6280 6063        0.525476585
6280 6518        0.819860023
6287 6455        0.957524449
6287 6707        0.559507709
6287 6693        0.955300769
6287 6854        0.518152639
6287 6798        0.312254652
6287 6049        0.870239931
6294 6385        0.795039839
6294 6462        0.420126607
6294 82042         0.73217572
6294 6413        0.414807907
6294 6175        0.415304925
6294 6686        0.497892323
6301 6693        0.739919868
6301 6630        0.520510735
6301 6134          0.6878775
6301 6547        0.328019036
6301 6455        0.507570201
6301 6343        0.480231374
6308 6812        0.768138639
6308 6630        0.576080523
6308 6168        0.712654817
6308 6238        0.449045464
6308 6511        0.464510248
6308 6042        0.578521194
6315 6420        0.683371907
6315 6644        0.360121142
6315 6336        0.583372076
6315 6868        0.269443642
6315 6511        0.446099397
6315 6518        0.536759659
6322 6105         1.07495269
6322 6196        0.795325816
6322 6231        0.899603473
6322 6448        0.597815505
6322 6203        0.572810517
6322 6595         0.83820118
6329 6497        0.377481829
6329 6539         0.32334796
6329 6560        0.352489633
6329 6525        0.177157002
6329 6364        0.258705309
6329 6483        0.345371712
6336 6868        0.723173741
6336 6315        0.583372076
6336 6511        0.687632041
6336 6420        0.235406702
6336 6812        0.421674058
6336 6644        0.471047328
6343 6217        0.530466144
6343 6134        0.441211878
6343 6301        0.480231374
6343 6778        0.400019232
6343 6547        0.379527581
6343 6119        0.326655494
6351 6294        0.871417361
6351 6154        0.810597642
6351 82042        0.748080428
6351 6277         0.41647276
6351 6469        0.536933234
6351 6462        0.460345616
6357 6476         0.96253686
6357 6063        0.588082981
6357 6315         0.95499733
6357 6518         0.47552441
6357 6280        0.405357637
6357 6868        0.908724578
6364 6539        0.251807678
6364 6638        0.219783515
6364 6412        0.251694868
6364 6525        0.213271464
6364 6497         0.18972307
6364 6560         0.18054224
6371 6408       0.0971838883
6371 2012       0.0748067815
6371 2011       0.0863944603
6371 6756       0.0707853187
6371 6861       0.0647695675
6371 6840       0.0456283232
6385 6021        0.767176744
6385 6413         0.45322666
6385 6462        0.753526515
6385 6112        0.449764042
6385 6588         0.48911299
6385 6469        0.638758219
6392 6351        0.919264467
6392 6154        0.805262923
6392 42056        0.841656259
6392 14084        0.783373164
6392 6277         0.56145775
6392 6679         0.82316099
6399 6826        0.860998223
6399 6847        0.595831816
6399 6203        0.830593663
6399 6231         0.58247916
6399 6721        0.668629727
6399 6007        0.708748417
6406 6826        0.994785993
6406 6105        0.511685425
6406 6399        0.984707726
6406 6609        0.460529981
6406 6231        0.445486664
6406 6147        0.585183376
6408 6515        0.128057921
6408 6840       0.0703257467
6408 6371       0.0971838883
6408 6760       0.0633012164
6408 6410       0.0537048723
6408 6568       0.0582237979
6410 6560        0.124794877
6410 6840         0.11650929
6410 6760        0.083930375
6410 6408       0.0537048723
6410 6539       0.0918171089
6410 6568       0.0701268239
6412 6408         0.15488851
6412 6638        0.140489958
6412 6410         0.15262926
6412 6760       0.0945895052
6412 6515       0.0700775271
6412 6560        0.104246596
6413 6210        0.655477697
6413 6112        0.653121423
6413 6462        0.609022545
6413 6686        0.415753486
6413 6385         0.45322666
6413 6294        0.414807907
6420 6511        0.890913669
6420 6315        0.683371907
6420 6868        0.739199293
6420 6812        0.645282538
6420 6336        0.235406702
6420 6644        0.436393854
6427 6408        0.172729929
6427 6410        0.148452861
6427 6260        0.160411099
6427 6270        0.121971778
6427 6539        0.130831435
6427 6568        0.121076328
6434 2005        0.091316351
6434 2008       0.0740001607
6434 2007       0.0894021319
6434 6490        0.057437251
6434 6035       0.0605495885
6434 2004       0.0634325474
6441 6658        0.372708764
6441 6119        0.269059595
6441 6274        0.271173393
6441 6245        0.165746421
6441 6098        0.211803796
6441 6091         0.23082026
6448 6203         1.12144382
6448 6196        0.803301963
6448 6084        0.882328577
6448 6595        0.665332011
6448 6322        0.597815505
6448 6014        0.685121882
6455 6483        0.798403814
6455 6547        0.650891024
6455 6707        0.629093663
6455 6672        0.599212954
6455 6301        0.507570201
6455 6693         0.56536175
6462 6385        0.753526515
6462 6413        0.609022545
6462 82042        0.661129891
6462 6469        0.576401082
6462 6294        0.420126607
6462 6351        0.460345616
6469 6154        0.807757401
6469 6277        0.745279832
6469 6147        0.746007262
6469 6351        0.536933234
6469 6385        0.638758219
6469 6462        0.576401082
6476 6357         0.96253686
6476 6280        0.633632086
6476 6742        0.941664672
6476 6581        0.501661178
6476 6063        0.564889637
6476 6791        0.898128719
6483 6525        0.505727794
6483 6134        0.463219214
6483 6547        0.478688799
6483 6693        0.333521706
6483 6329        0.345371712
6483 6574        0.341535718
6490 2004        0.118089807
6490 6028       0.0985533383
6490 6035        0.113529661
6490 2008       0.0886951589
6490 6260       0.0927323624
6490 6434        0.057437251
6497 6560        0.348911912
6497 6532         0.29380452
6497 6728        0.341701637
6497 6638        0.281371988
6497 6364         0.18972307
6497 6266        0.273342113
6505 6217        0.536031813
6505 6119        0.492154045
6505 6441        0.379539674
6505 6245        0.451950394
6505 6098         0.31122849
6505 6655        0.374961084
6511 6336        0.687632041
6511 6812        0.583059609
6511 6518        0.613562168
6511 6315        0.446099397
6511 6238        0.491386545
6511 6308        0.464510248
6515 6560        0.158147172
6515 6805        0.153834277
6515 6410        0.150485585
6515 6412       0.0700775271
6515 6760       0.0678248015
6515 6408        0.128057921
6518 6280        0.819860023
6518 6063        0.663313059
6518 6511        0.613562168
6518 6357         0.47552441
6518 6315        0.536759659
6518 6868        0.601459901
6525 6410        0.238574498
6525 6329        0.177157002
6525 6427        0.226784989
6525 6539        0.147701983
6525 6364        0.213271464
6525 6560        0.206483421
6532 6329        0.475639442
6532 6364        0.437290693
6532 6497         0.29380452
6532 6574        0.331644988
6532 6728        0.264637872
6532 6784        0.286793295
6539 6525        0.147701983
6539 6408        0.144854338
6539 6568        0.136687619
6539 6427        0.130831435
6539 6410       0.0918171089
6539 6560        0.121727009
6547 6693        0.587779329
6547 6483        0.478688799
6547 6778        0.553923466
6547 6134        0.374108845
6547 6301        0.328019036
6547 6343        0.379527581
6553 6819         1.22881767
6553 6196        0.813749955
6553 6833         1.13770446
6553 6182        0.563592254
6553 6189        0.346737067
6553 6056        0.964105136
6560 6408        0.161705452
6560 6760        0.132574372
6560 6515        0.158147172
6560 6539        0.121727009
6560 6410        0.124794877
6560 6412        0.104246596
6568 6760         0.12094219
6568 6410       0.0701268239
6568 2010        0.118756722
6568 6408       0.0582237979
6568 6840       0.0670480713
6568 6371        0.111370355
6574 6497        0.535252623
6574 6329        0.450687519
6574 6693        0.459380939
6574 6784        0.390766303
6574 6532        0.331644988
6574 6483        0.341535718
6581 6280         1.09861108
6581 6063         1.04665708
6581 6791         0.92073059
6581 6476        0.501661178
6581 6084        0.984585473
6581 6742        0.440151056
6588 6021        0.822614487
6588 6854        0.747344674
6588 6469        0.818947261
6588 6385         0.48911299
6588 6147        0.480455734
6588 6112        0.560935484
6595 6287        0.981911291
6595 6049        0.974451606
6595 6798        0.744755981
6595 6448        0.665332011
6595 6322         0.83820118
6595 6105        0.736942949
6602 6056         1.74927096
6602 62028          1.4565756
6602 62063         1.74235916
6602 62007         1.08887852
6602 6875         1.07398686
6602 6182         1.68671717
6609 6469        0.848959176
6609 6154        0.710684548
6609 6231        0.758276669
6609 6406        0.460529981
6609 6147        0.569429039
6609 6826        0.728484752
6616 6679        0.702859235
6616 6826        0.629623774
6616 42028         0.53799044
6616 6721        0.439172278
6616 6847        0.426549192
6616 42119        0.459434453
6623 6175        0.520573811
6623 6714        0.496165012
6623 6077        0.512637734
6623 82028         0.46594127
6623 6686        0.431741847
6623 6763        0.434469834
6630 6238        0.728213169
6630 6672         0.71058899
6630 6168        0.703010049
6630 6301        0.520510735
6630 6217         0.68308385
6630 6308        0.576080523
6638 6760        0.235059048
6638 6515        0.194974009
6638 6364        0.219783515
6638 6412        0.140489958
6638 6252        0.178511525
6638 6560        0.186307446
6644 6812        0.827190394
6644 6336        0.471047328
6644 6511        0.749414298
6644 6315        0.360121142
6644 6420        0.436393854
6644 6868        0.309363978
6648 6490        0.176894466
6648 6270        0.174963071
6648 6274        0.149117977
6648 6778        0.144910325
6648 6028        0.099223596
6648 6260        0.126216739
6651 6056         1.02379564
6651 6007        0.876532358
6651 42070        0.934587399
6651 6819        0.790668254
6651 6700          0.6933219
6651 42077        0.902993794
6655 6119        0.804652191
6655 6098        0.673037602
6655 6441        0.750806356
6655 6217        0.561772635
6655 6505        0.374961084
6655 6168        0.666107679
6658 6091        0.147024861
6658 6274        0.143828497
6658 2004        0.144746106
6658 6035       0.0863656699
6658 6028        0.135648001
6658 6434        0.121698538
6665 30049        0.654867118
6665 6077         0.42564005
6665 6140        0.598685534
6665 6770        0.338447454
6665 6763        0.256082291
6665 6623        0.546307268
6672 6791        0.801480835
6672 6630         0.71058899
6672 6049        0.784420546
6672 6455        0.599212954
6672 6042        0.683490152
6672 6301        0.777233359
6679 42119        0.791771926
6679 6616        0.702859235
6679 42056        0.664954616
6679 6154        0.695071268
6679 6826        0.662012635
6679 42105        0.575786367
6686 6210        0.606825583
6686 6714        0.488630931
6686 6294        0.497892323
6686 6623        0.431741847
6686 6413        0.415753486
6686 6175        0.411945098
6693 6329         0.67502772
6693 6455         0.56536175
6693 6547        0.587779329
6693 6483        0.333521706
6693 6707        0.399924818
6693 6574        0.459380939
6700 6399        0.880650034
6700 6056        0.854721233
6700 6007        0.844785665
6700 6203        0.595786954
6700 6819         0.50533887
6700 6651          0.6933219
6707 6483        0.719429016
6707 6287        0.559507709
6707 6574        0.703069837
6707 6693        0.399924818
6707 6854        0.546545546
6707 6455        0.629093663
6714 6623        0.496165012
6714 6686        0.488630931
6714 6140         0.46584377
6714 6210        0.350842508
6714 6161        0.442006867
6714 6077        0.354369757
6721 6826        0.742577233
6721 6399        0.668629727
6721 42028        0.622928954
6721 6616        0.439172278
6721 6847        0.254749962
6721 6007        0.524333001
6728 6161        0.413180821
6728 6266        0.347338426
6728 6784        0.387446074
6728 6735        0.222394534
6728 6532        0.264637872
6728 6497        0.341701637
6735 6882        0.450244072
6735 6266        0.370608468
6735 6161         0.41079947
6735 6070        0.288957546
6735 6728        0.222394534
6735 6140        0.344083548
6742 6791         1.12735206
6742 6476        0.941664672
6742 6833        0.661819992
6742 6014        0.787215516
6742 6084        0.856568286
6742 6581        0.440151056
6749 6861        0.377724699
6749 6756        0.335858825
6749 6515        0.374656907
6749 6805        0.236975129
6749 6252        0.286406556
6749 6126        0.337555933
6756 6805        0.121874279
6756 2013        0.107499246
6756 6840        0.116379881
6756 2012       0.0925805474
6756 6861       0.0514449581
6756 6371       0.0707853187
6760 6568         0.12094219
6760 6412       0.0945895052
6760 6840        0.120748917
6760 6408       0.0633012164
6760 6515       0.0678248015
6760 6410        0.083930375
6763 6770        0.591785728
6763 6077        0.577420021
6763 82028        0.560388475
6763 6623        0.434469834
6763 6665        0.256082291
6763 82084        0.543751093
6770 6763        0.591785728
6770 6140        0.375607516
6770 6735        0.511635643
6770 6077        0.363775016
6770 6665        0.338447454
6770 6070        0.325630832
6778 6134        0.269263963
6778 6274        0.259730158
6778 6260        0.243772583
6778 6028        0.243948791
6778 6270         0.23556733
6778 6648        0.144910325
6784 6735        0.560165261
6784 6574        0.390766303
6784 6728        0.387446074
6784 6224        0.305261603
6784 6532        0.286793295
6784 6161         0.38732577
6791 6581         0.92073059
6791 6042        0.798741899
6791 6476        0.898128719
6791 6049        0.751614142
6791 6084        0.748984234
6791 6672        0.801480835
6798 6455         1.00726287
6798 6707        0.793704166
6798 6854        0.827614535
6798 6287        0.312254652
6798 6049        0.615720672
6798 6595        0.744755981
6805 6760        0.193376206
6805 6371         0.17408401
6805 6252        0.179553159
6805 6756        0.121874279
6805 6515        0.153834277
6805 6861        0.172887236
6812 6315         0.76397323
6812 6420        0.645282538
6812 6511        0.583059609
6812 6238        0.357639867
6812 6336        0.421674058
6812 6168        0.513188941
6819 6875        0.972561434
6819 6700         0.50533887
6819 6203        0.825680666
6819 6056        0.349652282
6819 6182        0.747229227
6819 6651        0.790668254
6826 6721        0.742577233
6826 6616        0.629623774
6826 6609        0.728484752
6826 6847        0.496824462
6826 6679        0.662012635
6826 6154        0.706952616
6833 6581         1.10016874
6833 6084        0.988499694
6833 6196         1.08918409
6833 6014        0.547244894
6833 6742        0.661819992
6833 6189        0.872135504
6840 2012        0.093048863
6840 2010       0.0833461822
6840 6408       0.0703257467
6840 2011        0.083010114
6840 6371       0.0456283232
6840 6568       0.0670480713
6847 42028        0.805199698
6847 6399        0.595831816
6847 6007        0.725558785
6847 6616        0.426549192
6847 6826        0.496824462
6847 6721        0.254749962
6854 6588        0.747344674
6854 6707        0.546545546
6854 6224        0.668126505
6854 6287        0.518152639
6854 6021        0.492175303
6854 6112        0.597300195
6861 2011       0.0805952746
6861 6371       0.0647695675
6861 2015       0.0778885292
6861 6756       0.0514449581
6861 2012       0.0425850117
6861 2013       0.0578718647
6868 6420        0.739199293
6868 6644        0.309363978
6868 6336        0.723173741
6868 6315        0.269443642
6868 6511        0.711122347
6868 6518        0.601459901
6875 42014         1.26979487
6875 6651         1.11024638
6875 6602         1.07398686
6875 6056        0.769936096
6875 6182        0.921630996
6875 6819        0.972561434
6882 6252        0.487066835
6882 6735        0.450244072
6882 30063        0.418204104
6882 6266        0.299882981
6882 6126        0.282848911
6882 6070        0.371315752
10007 10084        0.511087696
10007 10049        0.419397207
10007 90042        0.431589838
10007 10077        0.267132461
10007 10063        0.377294754
10007 90049        0.402744566
10014 10063        0.657369198
10014 10070         0.56645294
10014 10049        0.627934492
10014 10056        0.528859616
10014 10112        0.405435052
10014 10042        0.386804789
10021 10035        0.758098418
10021 90077        0.635563473
10021 90021          0.6532744
10021 90042        0.597312606
10021 10007        0.618426931
10021 10084         0.64408353
10028 10091         1.64913445
10028 10105         1.59695902
10028 66154         1.56508696
10028 66119         1.29748885
10028 66105          1.3518847
10028 10035         1.36401563
10035 90077         1.23880402
10035 90098         1.15054827
10035 10105         1.11816587
10035 90021         1.14650636
10035 10091        0.704536962
10035 10021        0.758098418
10042 10056         0.74744533
10042 10049        0.557068725
10042 46014        0.679232369
10042 10112        0.411250781
10042 10014        0.386804789
10042 10063        0.655191612
10049 10042        0.557068725
10049 10077        0.353866063
10049 10056        0.471710325
10049 10112        0.222764446
10049 10063        0.129830288
10049 10007        0.419397207
10056 10014        0.528859616
10056 10077        0.455908681
10056 10049        0.471710325
10056 10098        0.357618663
10056 10112        0.381915949
10056 10063        0.385295942
10063 10098        0.477626578
10063 10112        0.267709396
10063 10056        0.385295942
10063 10077        0.239983149
10063 10049        0.129830288
10063 10007        0.377294754
10070 46035         1.09415499
10070 10042        0.828537191
10070 10056         1.00087854
10070 86063        0.787393361
10070 10014         0.56645294
10070 10112        0.971740914
10077 10056        0.455908681
10077 10049        0.353866063
10077 10098        0.343866568
10077 10007        0.267132461
10077 10063        0.239983149
10077 90049        0.326261718
10084 10077        0.724708555
10084 10021         0.64408353
10084 10063        0.664359774
10084 10049          0.5890609
10084 10007        0.511087696
10084 46007        0.460212509
10091 10021         0.80658848
10091 90021        0.687758696
10091 66021        0.776259547
10091 90098        0.446023263
10091 90070        0.722924515
10091 10035        0.704536962
10098 86084         0.47951482
10098 90049        0.387816957
10098 10063        0.477626578
10098 90035        0.381331847
10098 10077        0.343866568
10098 10056        0.357618663
10105 10021         1.57623037
10105 46119         1.29951882
10105 46077         1.45588877
10105 46049         1.23229796
10105 46098        0.957201912
10105 10035         1.11816587
10112 10077        0.499584041
10112 10014        0.405435052
10112 10042        0.411250781
10112 10049        0.222764446
10112 10063        0.267709396
10112 10056        0.381915949
14007 14161        0.846684645
14007 74049        0.772902714
14007 74028         0.78182059
14007 14126        0.737700291
14007 14133        0.536820807
14007 14147        0.590491198
14014 14105        0.837319949
14014 14168        0.722817159
14014 14119         0.77333637
14014 14021        0.272337666
14014 14147        0.322159745
14014 14091        0.450005676
14021 14049        0.874504412
14021 14168        0.456598928
14021 14105        0.721070176
14021 14091         0.45094526
14021 14014        0.272337666
14021 14147        0.588577602
14028 46035          1.0124057
14028 14077        0.887584056
14028 46063        0.863208609
14028 14070        0.502613331
14028 14049        0.540857567
14028 14091        0.759077336
14035 42105         1.28012668
14035 42126         0.89226816
14035 14084         1.07587525
14035 42133        0.634197118
14035 42056        0.944839688
14035 42147          1.0247803
14042 14147         1.32428811
14042 14182        0.587953656
14042 14063         1.10402964
14042 14161        0.569811162
14042 14119        0.813462547
14042 14056        0.885653401
14049 14021        0.874504412
14049 14154        0.790076343
14049 14175          0.8431829
14049 14028        0.540857567
14049 14168        0.706480514
14049 14091        0.832294705
14056 14063         1.36160016
14056 14161         1.05790873
14056 14182        0.926533393
14056 14084        0.830868068
14056 14042        0.885653401
14056 14098        0.889385121
14063 14042         1.10402964
14063 82042        0.960567157
14063 82056         1.05319955
14063 82014        0.771502589
14063 14182         0.53765223
14063 82007         0.70649264
14070 14091        0.841763599
14070 46084        0.663118235
14070 14126        0.723670299
14070 14028        0.502613331
14070 14077        0.431979112
14070 46063        0.689558853
14077 46084        0.772990616
14077 74049        0.748240136
14077 46091        0.755692378
14077 14070        0.431979112
14077 14126        0.372276137
14077 14133        0.679800872
14084 14098         1.34491445
14084 6277         1.25483658
14084 42056         1.11577293
14084 6392        0.783373164
14084 14056        0.830868068
14084 14035         1.07587525
14091 14168        0.798110769
14091 14147        0.558730845
14091 14028        0.759077336
14091 14021         0.45094526
14091 14014        0.450005676
14091 14126         0.74916377
14098 14035         1.29423896
14098 74035         1.20561116
14098 14161         1.26681192
14098 14056        0.889385121
14098 74028        0.925368424
14098 14007         1.12572869
14105 14140        0.933507663
14105 14175        0.886165605
14105 14014        0.837319949
14105 14168        0.622589969
14105 14119        0.702454149
14105 14021        0.721070176
14112 86007         1.00822462
14112 86140        0.667955984
14112 14154        0.968995832
14112 14175        0.614252163
14112 86112        0.644084774
14112 86154        0.917875001
14119 14021        0.893728636
14119 14042        0.813462547
14119 14147        0.831299534
14119 14161        0.629576593
14119 14105        0.702454149
14119 14014         0.77333637
14126 14091         0.74916377
14126 14070        0.723670299
14126 14007        0.737700291
14126 74049        0.547289199
14126 14133        0.360518699
14126 14077        0.372276137
14133 74063        0.772721685
14133 74028        0.664541597
14133 14077        0.679800872
14133 74049        0.289085178
14133 14126        0.360518699
14133 14007        0.536820807
14140 14112         1.38575723
14140 82126         1.06055196
14140 86154         1.27333521
14140 14105        0.933507663
14140 82021        0.871056423
14140 14119         1.07280796
14147 14119        0.831299534
14147 14021        0.588577602
14147 14161        0.782158076
14147 14091        0.558730845
14147 14014        0.322159745
14147 14007        0.590491198
14154 14112        0.968995832
14154 14168        0.968915594
14154 86140        0.877659758
14154 14049        0.790076343
14154 86126        0.485870908
14154 14175        0.570329975
14161 14056         1.05790873
14161 14014        0.960500905
14161 14147        0.782158076
14161 14007        0.846684645
14161 14119        0.629576593
14161 14042        0.569811162
14168 14091        0.798110769
14168 14049        0.706480514
14168 14014        0.722817159
14168 14021        0.456598928
14168 14105        0.622589969
14168 14175        0.542561125
14175 86126        0.937194035
14175 14105        0.886165605
14175 14049          0.8431829
14175 14154        0.570329975
14175 14168        0.542561125
14175 14112        0.614252163
14182 82014         1.30910996
14182 14056        0.926533393
14182 14161         1.14845475
14182 14063         0.53765223
14182 14042        0.587953656
14182 82007         1.12251971
18007 22140         0.80196705
18007 82049        0.621150443
18007 18042        0.667579809
18007 18126        0.423501207
18007 18161        0.379055809
18007 18091        0.487765685
18014 18133        0.916040203
18014 18077        0.482859929
18014 18098        0.789708567
18014 18154        0.447117659
18014 18063        0.301779044
18014 18140        0.676733266
18021 22077         0.52556147
18021 22126        0.404188925
18021 18140        0.500436145
18021 18042        0.387263113
18021 22140        0.403466859
18021 18133        0.283582766
18028 18042        0.811393501
18028 18126        0.622343141
18028 18063        0.732146525
18028 18098        0.419131094
18028 18161        0.652241387
18028 18105        0.691084934
18035 18049        0.957537038
18035 18091        0.935118732
18035 30042        0.823212589
18035 18112        0.700328293
18035 18175        0.560022921
18035 18105        0.808168659
18042 18133        0.531003872
18042 18098        0.492116794
18042 22140        0.488512443
18042 18126        0.322032115
18042 18140         0.48224035
18042 18021        0.387263113
18049 18035        0.957537038
18049 30042        0.666631546
18049 30070        0.952706848
18049 18070        0.529796988
18049 18175        0.444112676
18049 82098        0.672233169
18056 18154         1.27011057
18056 18084        0.908608737
18056 54007         1.21976468
18056 18168        0.615475658
18056 18147        0.422233016
18056 18119         1.13501507
18063 18028        0.732146525
18063 18098        0.495797843
18063 18140        0.498659758
18063 18154        0.406733158
18063 18014        0.301779044
18063 18077        0.468081271
18070 18035        0.962864305
18070 18175        0.716316223
18070 82098        0.917044488
18070 18049        0.529796988
18070 18091        0.564998352
18070 82049        0.822879178
18077 18021        0.712765585
18077 18098        0.677126202
18077 18133         0.44629575
18077 18063        0.468081271
18077 18014        0.482859929
18077 18140        0.323607126
18084 54028         1.00152736
18084 18147        0.928084299
18084 18014        0.924468879
18084 18168        0.653833661
18084 18056        0.908608737
18084 18154        0.622154712
18091 18035        0.935118732
18091 82049         0.67101532
18091 18126        0.836334168
18091 18161        0.428702714
18091 18070        0.564998352
18091 18007        0.487765685
18098 18077        0.677126202
18098 18126        0.481962478
18098 18063        0.495797843
18098 18028        0.419131094
18098 18140        0.422298916
18098 18042        0.492116794
18105 18098         1.10983791
18105 18035        0.808168659
18105 18147        0.920424059
18105 18119        0.740034547
18105 18028        0.691084934
18105 18161        0.872032981
18112 30015         1.12337736
18112 18119         0.85536414
18112 18175        0.953048458
18112 30028        0.582565629
18112 18035        0.700328293
18112 30042         0.87993382
18119 18028         1.39219515
18119 18112         0.85536414
18119 18056         1.13501507
18119 18105        0.740034547
18119 18147        0.849061158
18119 18035          1.0305565
18126 22140        0.696561415
18126 18098        0.481962478
18126 18028        0.622343141
18126 18042        0.322032115
18126 18007        0.423501207
18126 18161        0.492159922
18133 18042        0.531003872
18133 22126         0.49350057
18133 22014        0.471126725
18133 18077         0.44629575
18133 18021        0.283582766
18133 18140        0.333217799
18140 18021        0.500436145
18140 18063        0.498659758
18140 18133        0.333217799
18140 18042         0.48224035
18140 18098        0.422298916
18140 18077        0.323607126
18147 18154         1.06377464
18147 18168         0.92597817
18147 18084        0.928084299
18147 18119        0.849061158
18147 18056        0.422233016
18147 18105        0.920424059
18154 18077        0.846808287
18154 18028        0.815873802
18154 18084        0.622154712
18154 18063        0.406733158
18154 18098        0.782645285
18154 18014        0.447117659
18161 18042        0.813386381
18161 18098        0.811407214
18161 18091        0.428702714
18161 18126        0.492159922
18161 18028        0.652241387
18161 18007        0.379055809
18168 18147         0.92597817
18168 54007        0.644824059
18168 54035        0.810754518
18168 18056        0.615475658
18168 18084        0.653833661
18168 54028        0.774250244
18175 30028        0.970436948
18175 18070        0.716316223
18175 18112        0.953048458
18175 18049        0.444112676
18175 30042        0.417437128
18175 18035        0.560022921
22007 22028           1.522188
22007 22063        0.822481415
22007 22049         1.41913472
22007 86056        0.804504116
22007 86014         1.10800263
22007 22105         1.39089576
22014 22077        0.679293945
22014 22056        0.674389206
22014 18021        0.571766168
22014 22126        0.332811836
22014 34021        0.508500489
22014 18133        0.471126725
22021 22049        0.612720981
22021 22133        0.309886271
22021 22112        0.520318529
22021 22070        0.298833578
22021 22091        0.466452781
22021 22168        0.445421019
22028 22070        0.671006919
22028 22039         0.50333647
22028 22112        0.645057568
22028 22036        0.271614356
22028 22105        0.177395751
22028 22049        0.360280106
22036 22112        0.797911854
22036 22043        0.559393414
22036 22049         0.63149493
22036 22028        0.271614356
22036 22039         0.32247379
22036 22105        0.440638273
22039 22112        0.742050216
22039 22028         0.50333647
22039 22098        0.681563637
22039 22043        0.246164124
22039 22036         0.32247379
22039 22105        0.677549082
22043 22105        0.920060949
22043 22028        0.747788144
22043 22112        0.868433519
22043 22036        0.559393414
22043 22039        0.246164124
22043 22098        0.655212282
22049 22036         0.63149493
22049 22021        0.612720981
22049 22112        0.566924017
22049 22070        0.333255581
22049 22028        0.360280106
22049 22105        0.217179328
22056 22014        0.674389206
22056 22140        0.623804748
